# time, goalRoll, Torque, speed, roll, rollrate, steer, steerrate, intE,goalLane,yaw,y
0.001,0,181.7565299215859,-1.6994214263413462e-06,6.933620451113795e-05,-0.0016967498344715316,0.0,0,0,1.460214884387372e-06,-2.210105690264764e-06
0.002,0,5.846671137937398,-2.496347090461427e-06,-5.4358796664900536e-05,-0.0007907836503249526,-0.12369500117603849,0,0,2.4048913586567223e-06,-3.28055269713332e-06
0.003,0,7.723769648363608,-2.5144314409163445e-06,-4.1105849779121684e-05,-2.4582078113284012e-05,0.013252946885778851,0,0,1.9082115961674367e-06,-2.8819871006254876e-06
0.004,0,9.285574158952564,-2.8567419621741937e-06,2.820585310321873e-05,-0.00033986049537505086,0.06931170288234041,0,0,2.0232762470170267e-06,-3.035944758557516e-06
0.005,0,10.578934683422915,-3.114910875519399e-06,-1.5674653356318388e-05,-0.00023255013944435793,-0.043880506459537116,0,0,2.8540981593149265e-06,-3.405330425097667e-06
0.006,-0.0077653412429103666,11.659806447395386,-3.1547870153842487e-06,5.2827795092104095e-06,-2.1429122992187948e-05,0.020957432865528796,0,0,3.2989437831729514e-06,-3.3336516200320363e-06
0.007,-0.0077653412429103666,12.599697160387478,-3.235866254031587e-06,5.756085803369463e-06,-3.582925828939501e-05,0.00047330629415905367,0,0,4.152516262028072e-06,-3.42724872251656e-06
0.008,-0.0077653412429103666,13.461326465592439,-3.2416296901897794e-06,5.654644799016307e-06,6.433126246098317e-05,-0.00010144100435315649,0,0,5.225058405964365e-06,-3.481637037634057e-06
0.009000000000000001,-0.0077653412429103666,14.268557733448633,-3.185602455413781e-06,4.99181808829962e-06,0.00015540405958386285,-0.0006628267107166868,0,0,6.4923129253989075e-06,-3.488804311016686e-06
0.010000000000000002,-0.0077653412429103666,15.090642675169786,-3.0683136935382928e-06,3.750990059855598e-06,0.0002526424484185924,-0.001240828028444022,0,0,7.960705872392413e-06,-3.442134428739642e-06
0.011000000000000003,-0.0016121756550830605,15.919584462421753,-2.91462852878211e-06,1.928925924803288e-06,0.0003308267618949301,-0.00182206413505231,0,0,9.621995356258324e-06,-3.349426708941369e-06
0.012000000000000004,-0.0016121756550830605,16.833605737957075,-2.712069999320122e-06,-4.953093281787376e-07,0.0004332379006156151,-0.0024242352529820254,0,0,1.1515889588766609e-05,-3.2025976667506455e-06
0.013000000000000005,-0.0016121756550830605,17.793542788689866,-2.4752569800986337e-06,-3.5113636780900304e-06,0.0005253723858602628,-0.003016054349911293,0,0,1.3610804442388769e-05,-2.9872245374051176e-06
0.014000000000000005,-0.0016121756550830605,18.813086439587288,-2.1938193062931933e-06,-7.126024934763173e-06,0.0006360227828587875,-0.0036146612566731427,0,0,1.590608049183327e-05,-2.6779380930456096e-06
0.015000000000000006,-0.0016121756550830605,19.519851222047844,-1.8936435980360355e-06,-1.1108472956079854e-05,0.0007017631677352057,-0.003982448021316681,0,0,1.8242454897958754e-05,-2.233337312849181e-06
0.016000000000000007,-0.004347526820160842,19.991840921619385,-1.5532858172356422e-06,-1.5347364494714847e-05,0.0007879926111059293,-0.004238891538634993,0,0,2.060262791942463e-05,-1.6286910574868697e-06
0.017000000000000008,-0.004347526820160842,20.25384294705943,-1.2253479323579396e-06,-1.983676593820337e-05,0.0008264117801986303,-0.004489401443488522,0,0,2.3003873173535287e-05,-9.19671571243783e-07
0.01800000000000001,-0.004347526820160842,20.319584427978203,-9.319004701562144e-07,-2.44493617349347e-05,0.0008302358642908153,-0.00461259579673133,0,0,2.5384664925156296e-05,-1.1230882867133546e-07
0.01900000000000001,-0.004347526820160842,20.17553636552047,-6.77690855523599e-07,-2.9130171862375853e-05,0.0008277736621101028,-0.004680810127441154,0,0,2.7744097981133363e-05,7.791061802326214e-07
0.02000000000000001,-0.004347526820160842,19.856860505390603,-4.779062809735616e-07,-3.379238463626876e-05,0.0007985525932944251,-0.00466221277389291,0,0,3.004448677519725e-05,1.739129076656437e-06
0.02100000000000001,-0.002848794260041283,19.394056760772266,-3.475058420342976e-07,-3.8371742042772906e-05,0.0007465105019913299,-0.004579357406504144,0,0,3.226945899528656e-05,2.744389999740926e-06
0.022000000000000013,-0.002848794260041283,18.825572335972232,-3.063403070008637e-07,-4.2833149404292325e-05,0.0006729335416273792,-0.004461407361519418,0,0,3.4426886275764094e-05,3.7610292926371585e-06
0.023000000000000013,-0.002848794260041283,18.210885891903022,-3.665283823533911e-07,-4.7148446725462296e-05,0.0005820276205524243,-0.004315297321169972,0,0,3.651193888185777e-05,4.767117877848408e-06
0.024000000000000014,-0.002848794260041283,17.557330629321573,-4.936452391982167e-07,-5.127700700663187e-05,0.0005170828611459676,-0.004128560281169575,0,0,3.851005329290127e-05,5.7840524012946555e-06
0.025000000000000015,-0.002848794260041283,16.898074718723187,-7.000829549181481e-07,-5.521715065905435e-05,0.0004367348253869245,-0.003940143652422476,0,0,4.042421124474248e-05,6.789081581000001e-06
0.026000000000000016,0.0016634101901895737,16.25515103879838,-9.905102850579585e-07,-5.8984259606168515e-05,0.0003530856662169783,-0.0037671089471141674,0,0,4.226893849589823e-05,7.766315043811781e-06
0.027000000000000017,0.0016634101901895737,15.643172604496323,-1.34780356329288e-06,-6.253482713726048e-05,0.0002802492684532869,-0.0035505675310919644,0,0,4.403532284636835e-05,8.725040223868543e-06
0.028000000000000018,0.0016634101901895737,15.06975342054722,-1.7743345237396227e-06,-6.58908904929292e-05,0.00020676127744604375,-0.00335606335566872,0,0,4.57362259790511e-05,9.654802382420082e-06
0.02900000000000002,0.0016634101901895737,14.543501598584843,-2.2552107642556516e-06,-6.905607944363458e-05,0.0001452133802533897,-0.003165188950705384,0,0,4.73705896176617e-05,1.0564235797383913e-05
0.03000000000000002,0.0016634101901895737,14.063630574825446,-2.783357490227671e-06,-7.204220215020513e-05,9.005891861215093e-05,-0.0029861227065705463,0,0,4.8942676274921324e-05,1.1455045798924013e-05
0.03100000000000002,0.005293097096143644,13.628583717111065,-3.360448505788218e-06,-7.487103155422493e-05,3.556905203448474e-05,-0.002828829404019796,0,0,5.046345286985594e-05,1.2321230525997996e-05
0.03200000000000002,0.005293097096143644,13.260057500595774,-3.986272393652652e-06,-7.753655457873821e-05,-1.7023077693369658e-05,-0.0026655230245132824,0,0,5.1941116746698134e-05,1.3161147574896752e-05
0.03300000000000002,0.005293097096143644,12.926497098002951,-4.636375477004762e-06,-8.004011021583037e-05,-4.8712884096226584e-05,-0.002503555637092163,0,0,5.3370546617786156e-05,1.3995054580282521e-05
0.03400000000000002,0.005293097096143644,12.5995240895418,-5.30601665078812e-06,-8.238612475401423e-05,-7.74207828452175e-05,-0.002346014538183856,0,0,5.475088260117864e-05,1.4823717242526829e-05
0.035000000000000024,0.005293097096143644,12.326995297397502,-6.018499733896108e-06,-8.460664759580974e-05,-0.00012196016997184986,-0.002220522841795509,0,0,5.610219624840432e-05,1.562487953006762e-05
0.036000000000000025,0.007557128233919798,12.07375576716425,-6.7460268114941245e-06,-8.669151628881053e-05,-0.00014357784121122284,-0.0020848686930007953,0,0,5.741551521708233e-05,1.642257718345976e-05
0.037000000000000026,0.007557128233919798,11.815610794892821,-7.483887292016532e-06,-8.862238106701905e-05,-0.00016297173395746645,-0.0019308647782085187,0,0,5.8687491715912036e-05,1.7218162276019245e-05
0.03800000000000003,0.007557128233919798,11.598973887117905,-8.253595922532573e-06,-9.042710933808886e-05,-0.0001964942676873074,-0.0018047282710698044,0,0,5.9936301856755524e-05,1.7991951173952875e-05
0.03900000000000003,0.007557128233919798,11.382207013243232,-9.029445533608465e-06,-9.209061685661808e-05,-0.00021045211956549381,-0.0016635075185292242,0,0,6.11501435046673e-05,1.876551404169049e-05
0.04000000000000003,0.007557128233919798,11.228738445594463,-9.832277424732248e-06,-9.364408693372328e-05,-0.00023711044277953354,-0.0015534700771052017,0,0,6.234781653872839e-05,1.9522216074752468e-05
0.04100000000000003,0.009262435152372293,11.165958445040214,-1.0669747687801018e-05,-9.511520714871436e-05,-0.00026606213856272826,-0.0014711202149910786,0,0,6.354132928836394e-05,2.026036233379751e-05
0.04200000000000003,0.009262435152372293,11.152110619241002,-1.1517676714458284e-05,-9.648844509439843e-05,-0.00027661112368227114,-0.0013732379456840727,0,0,6.471907712586784e-05,2.1004841260133723e-05
0.04300000000000003,0.009262435152372293,11.154986133602186,-1.2372365132634629e-05,-9.777049805830256e-05,-0.00028465028633901083,-0.0012820529639041285,0,0,6.587915766777842e-05,2.1759701642312227e-05
0.04400000000000003,0.009262435152372293,11.173452740835398,-1.3231067114971186e-05,-9.896480801270336e-05,-0.00029013175798005633,-0.0011943099544007981,0,0,6.702171281770545e-05,2.252811583489852e-05
0.04500000000000003,0.009262435152372293,11.203607859234978,-1.409164680898377e-05,-0.00010007224007911707,-0.00029369486191858506,-0.0011074320664137085,0,0,6.814678961857556e-05,2.3312492948967022e-05
0.046000000000000034,0.01009586939467857,11.241476734091481,-1.4953281073364836e-05,-0.00010109251312554787,-0.00029662300334185537,-0.0010202730464308027,0,0,6.925447028149606e-05,2.411381171064685e-05
0.047000000000000035,0.01009586939467857,11.283594158722092,-1.5815494820160398e-05,-0.00010201792549394528,-0.00029959695128830335,-0.0009254123683974131,0,0,7.034417820259705e-05,2.493247998970226e-05
0.048000000000000036,0.01009586939467857,11.327257035440727,-1.6679473538310785e-05,-0.00010284843919982457,-0.0003036489179124235,-0.0008305137058792846,0,0,7.141655537654664e-05,2.5767246963493955e-05
0.04900000000000004,0.01009586939467857,11.370615736404494,-1.754631925206009e-05,-0.00010358348957356863,-0.00030881754083151013,-0.0007350503737440611,0,0,7.247199023997025e-05,2.6616801031198512e-05
0.05000000000000004,0.01009586939467857,11.412607245713863,-1.8417397711402897e-05,-0.00010422285639386719,-0.00031529556703989637,-0.000639366820298561,0,0,7.351099293835736e-05,2.747952130831619e-05
0.05100000000000004,0.010848227460786465,11.452781148335164,-1.929425494176568e-05,-0.00010476662259625101,-0.00032319739147922003,-0.0005437662023838184,0,0,7.453418137334026e-05,2.8353601133980038e-05
0.05200000000000004,0.010848227460786465,11.491090691414101,-2.0177948776100115e-05,-0.00010520876941659854,-0.00033236812349349683,-0.00044214682034752616,0,0,7.554154704562757e-05,2.923763164001745e-05
0.05300000000000004,0.010848227460786465,11.527705880181415,-2.107056819572831e-05,-0.00010555034382859406,-0.0003432440682440314,-0.0003415744119955236,0,0,7.653415955554726e-05,3.0129364546080943e-05
0.05400000000000004,0.010848227460786465,11.562877086091104,-2.1973827753539226e-05,-0.00010579184533397879,-0.0003555829925114536,-0.00024150150538473252,0,0,7.751281933067088e-05,3.1026910496890994e-05
0.05500000000000004,0.010848227460786465,11.596852960901208,-2.288950578252281e-05,-0.00010593392502979041,-0.00036938504867745027,-0.00014207969581162233,0,0,7.847841494476568e-05,3.192836825677224e-05
0.05600000000000004,0.011920190226010046,11.62984207576286,-2.3819441155975605e-05,-0.00010597735441550665,-0.0003846449789812616,-4.342938571623206e-05,0,0,7.94319227184749e-05,3.283182876969715e-05
0.057000000000000044,0.011920190226010046,11.66200306044234,-2.4764626108682785e-05,-0.00010591397938024616,-0.0004010561725456646,6.337503526048578e-05,0,0,8.03733545639129e-05,3.373607486532293e-05
0.058000000000000045,0.011920190226010046,11.693449582131407,-2.5727491914933337e-05,-0.00010574554960878986,-0.000419163297293075,0.00016842977145629966,0,0,8.13042539210798e-05,3.463877837916437e-05
0.059000000000000045,0.011920190226010046,11.72426063799412,-2.6709879414880274e-05,-0.00010547293866510877,-0.00043859879905854405,0.00027261094368108917,0,0,8.22257393409185e-05,3.553814007517522e-05
0.060000000000000046,0.011920190226010046,11.754490855610436,-2.7713688506807523e-05,-0.0001050971649041194,-0.0004593443156599879,0.00037577376098937214,0,0,8.313902557319857e-05,3.643235464488596e-05
0.06100000000000005,0.013335156858063857,11.78417862940065,-2.8740878111637094e-05,-0.00010461936199878895,-0.00048137942178338804,0.00047780290533045355,0,0,8.404542320013193e-05,3.7319613159053004e-05
0.06200000000000005,0.013335156858063857,11.813351755233903,-2.9792217107245734e-05,-0.00010402884192424443,-0.0005043010344475289,0.000590520074544512,0,0,8.494491040810514e-05,3.819901676567028e-05
0.06300000000000004,0.013335156858063857,11.84203103159307,-3.087042045377193e-05,-0.00010332794550000375,-0.0005287977253909874,0.0007008964242406811,0,0,8.583951402660638e-05,3.9068231051583254e-05
0.06400000000000004,0.013335156858063857,11.870232475294623,-3.197738516826628e-05,-0.00010251782603054756,-0.0005543877092695177,0.0008101194694561928,0,0,8.673066080959906e-05,3.992562135423698e-05
0.06500000000000004,0.013335156858063857,11.897968694167306,-3.3115069350034454e-05,-0.00010159978994371562,-0.0005810421894791595,0.0009180360868319348,0,0,8.761988114149552e-05,4.0769556772693754e-05
0.06600000000000004,0.013335156858063857,11.92524977797425,-3.428549152478341e-05,-0.00010057525719979998,-0.0006087300500165838,0.0010245327439156416,0,0,8.850880812334008e-05,4.159841430893955e-05
0.06700000000000005,0.01545130155729891,11.95208391545725,-3.549070707144108e-05,-9.944572465475503e-05,-0.0006374058311181265,0.00112953254504495,0,0,8.93991596858158e-05,4.2410600619455574e-05
0.06800000000000005,0.01545130155729891,11.978477845351131,-3.6730843817031117e-05,-9.819493297134916e-05,-0.0006664778398912924,0.001250791683405874,0,0,9.0290532310568e-05,4.320589154188026e-05
0.06900000000000005,0.01545130155729891,12.004437196277864,-3.800905217480565e-05,-9.682604025677534e-05,-0.0006969473245477186,0.0013688927145738175,0,0,9.118564722363226e-05,4.3981957835687696e-05
0.07000000000000005,0.01545130155729891,12.029966744911688,-3.932719238700601e-05,-9.534038232074378e-05,-0.0007281145826754154,0.0014856579360315602,0,0,9.208625352449941e-05,4.47375107830022e-05
0.07100000000000005,0.01545130155729891,12.05507061330005,-4.068719820755614e-05,-9.373947078180334e-05,-0.0007599469137382187,0.0016009115389404372,0,0,9.299421687810072e-05,4.547127109766675e-05
0.07200000000000005,0.017502139610544372,12.079752420216174,-4.2091075894935106e-05,-9.202493429067407e-05,-0.0007924089445309484,0.0017145364911292764,0,0,9.391151851161261e-05,4.6181973797691434e-05
0.07300000000000005,0.017502139610544372,12.1040153983634,-4.353887919040154e-05,-9.018119990873202e-05,-0.0008249362637243788,0.001843734381942047,0,0,9.483802658940986e-05,4.686967337279154e-05
0.07400000000000005,0.017502139610544372,12.127862486772987,-4.5033724202633064e-05,-8.821150031852463e-05,-0.0008584729536667549,0.001969699590207387,0,0,9.577673947415475e-05,4.753241298876918e-05
0.07500000000000005,0.017502139610544372,12.151296403550525,-4.657743080629542e-05,-8.611728987785805e-05,-0.0008923405858651952,0.0020942104406665852,0,0,9.672968002821717e-05,4.81692512066469e-05
0.07600000000000005,0.017502139610544372,12.174319704136497,-4.8171885792231736e-05,-8.39001714923165e-05,-0.0009264977874991327,0.002217118385541546,0,0,9.769898177663952e-05,4.8779272643650564e-05
0.07700000000000005,0.019751697948803337,12.196934827260735,-4.981904019474566e-05,-8.156183731656378e-05,-0.0009608997176167673,0.00233833417575272,0,0,9.868688715319578e-05,4.936159379046909e-05
0.07800000000000006,0.019751697948803337,12.219144130785608,-5.151856950609851e-05,-7.908507601031015e-05,-0.0009949333863526566,0.0024767613062536284,0,0,9.96932144419729e-05,4.991678262619462e-05
0.07900000000000006,0.019751697948803337,12.240949919617337,-5.3273660283432e-05,-7.64732721067071e-05,-0.001029617102561749,0.002611803903603048,0,0,0.00010072132243310115,5.0443224380211424e-05
0.08000000000000006,0.019751697948803337,12.203448869926032,-5.5081238534588915e-05,-7.372307581907309e-05,-0.0010634536125812535,0.0027501962876340137,0,0,0.00010176782963609262,5.093703195523228e-05
0.08100000000000006,0.019751697948803337,12.220068875845653,-5.69471714084615e-05,-7.083757197802304e-05,-0.0010981911282130527,0.002885503841050055,0,0,0.00010283947871041125,5.1400719699569474e-05
0.08200000000000006,0.022120245931411885,12.245773603751042,-5.8873881302228105e-05,-6.781985524864577e-05,-0.0011327856909853014,0.0030177167293772658,0,0,0.00010393950722588104,5.183453649450054e-05
0.08300000000000006,0.022120245931411885,12.271695316895748,-6.086081810035095e-05,-6.465288756546712e-05,-0.0011665715542279412,0.0031669676831786535,0,0,0.00010506790786925632,5.223958891160019e-05
0.08400000000000006,0.022120245931411885,12.296346554623417,-6.291122832430232e-05,-6.134077655224566e-05,-0.0012006180006327212,0.0033121110132214543,0,0,0.0001062284026514111,5.261457962661234e-05
0.08500000000000006,0.022120245931411885,12.319686237081616,-6.502667554199537e-05,-5.788503063010341e-05,-0.0012341593715388172,0.00345574592214225,0,0,0.00010742339655305362,5.295939444061681e-05
0.08600000000000006,0.022120245931411885,12.341932420301916,-6.72087582429699e-05,-5.428695875408852e-05,-0.0012671466252693168,0.003598071876014894,0,0,0.00010865536379274069,5.327399302571222e-05
0.08700000000000006,0.024560020875894487,12.363320066862745,-6.94591270083236e-05,-5.054779283180709e-05,-0.001299525888334407,0.003739165922281427,0,0,0.00010992687607451334,5.355841027756485e-05
0.08800000000000006,0.024560020875894487,12.384036206926268,-7.1776650067491e-05,-4.6648211453197635e-05,-0.001330645107797999,0.0038995813786094568,0,0,0.00011123763047601582,5.3814273617241315e-05
0.08900000000000007,0.024560020875894487,12.404203721790491,-7.416440849745096e-05,-4.259123278164817e-05,-0.0013615847474648844,0.004056978671549464,0,0,0.0001125914701240514,5.404088573551374e-05
0.09000000000000007,0.024560020875894487,12.423889360925067,-7.662373968682656e-05,-3.83777530877098e-05,-0.00139156890588812,0.004213479693938368,0,0,0.00011399090110919556,5.423875352564275e-05
0.09100000000000007,0.024560020875894487,12.443122177824,-7.915605968879172e-05,-3.400880801855066e-05,-0.0014205624842373369,0.004368945069159144,0,0,0.00011543853674322093,5.440842357856421e-05
0.09200000000000007,0.026971055497803303,12.461911825296616,-8.176285893857072e-05,-2.9485479411892254e-05,-0.0014485272957950996,0.004523328606658405,0,0,0.00011693709414726078,5.455048552716848e-05
0.09300000000000007,0.026971055497803303,12.480261311523572,-8.444270792062048e-05,-2.4788516472694968e-05,-0.0014748375676661917,0.004696962939197286,0,0,0.00011848629838439989,5.466707584445948e-05
0.09400000000000007,0.026971055497803303,12.498173429398888,-8.719857599099043e-05,-1.9920658702567113e-05,-0.0015005611557258546,0.0048678577701278545,0,0,0.00012009014480866212,5.475802785958692e-05
0.09500000000000007,0.026971055497803303,12.515652580446684,-9.003162990211711e-05,-1.4882462265556733e-05,-0.0015249447963624648,0.00503819643701038,0,0,0.00012175123229115691,5.482435181048e-05
0.09600000000000007,0.026971055497803303,12.532704279193057,-9.294311894523342e-05,-9.674553896528517e-06,-0.0015479611982787572,0.005207908369028216,0,0,0.00012347226139996917,5.48670919731302e-05
0.09700000000000007,0.029281091842138566,12.549334079817823,-9.593437359138806e-05,-4.297565110518155e-06,-0.0015695795830954597,0.005376988786010362,0,0,0.00012525603564575457,5.4887331288721186e-05
0.09800000000000007,0.029281091842138566,12.56554682470995,-9.900374712771133e-05,1.2673748565720846e-06,-0.0015892109066035025,0.005564939967090239,0,0,0.00012710234156627256,5.488762897174457e-05
0.09900000000000007,0.029281091842138566,12.58134643598988,-0.00010215406929919878,7.018084413172035e-06,-0.0016078774514049709,0.00575070955659995,0,0,0.00012901526481733417,5.486834087739568e-05
0.10000000000000007,0.029281091842138566,12.596736103538246,-0.00010538636864285299,1.2954484071294457e-05,-0.0016248703388767952,0.005936399658122422,0,0,0.00013099748622996747,5.48309417762918e-05
0.10100000000000008,0.029281091842138566,12.611718628682572,-0.00010870176770309393,1.907644089269975e-05,-0.0016401732151998128,0.006121956821405294,0,0,0.0001330517895094242,5.4776932865626427e-05
0.10200000000000008,0.03143089294497636,12.626296733271019,-0.00011210148331915816,2.538383369975633e-05,-0.0016537670062109077,0.006307392807056578,0,0,0.00013518106369525757,5.470784527948246e-05
0.10300000000000008,0.03143089294497636,12.640473246165921,-0.00011558378195459817,3.189470750509086e-05,-0.0016651169325695063,0.00651087380533453,0,0,0.00013738523444119027,5.462657491283683e-05
0.10400000000000008,0.03143089294497636,12.654251162937255,-0.00011915137697762075,3.860753751078498e-05,-0.0016751788094082002,0.006712830005694117,0,0,0.00013966845466751644,5.45339649987012e-05
0.10500000000000008,0.03143089294497636,12.667633617207377,-0.00012280523629001297,4.552277168428201e-05,-0.0016833078606963616,0.006915234173497031,0,0,0.00014203350516058948,5.443188857829135e-05
0.10600000000000008,0.03143089294497636,12.680623814469593,-0.00012654644025738044,5.264082525124126e-05,-0.0016895011789187912,0.007118053566959254,0,0,0.00014448327640881803,5.432223381506574e-05
0.10700000000000008,0.033377710790629164,12.693224964832723,-0.00013037618480815058,5.996214005405851e-05,-0.0016937537550435616,0.00732131480281725,0,0,0.0001470207736725109,5.4206906388512885e-05
0.10800000000000008,0.033377710790629164,12.705440234800216,-0.00013429282224332773,6.750362218390919e-05,-0.0016955964731879588,0.007541482129850679,0,0,0.00014964616652871266,5.4089035784784854e-05
0.10900000000000008,0.033377710790629164,12.71727272282657,-0.00013829903192231246,7.526447469884575e-05,-0.0016959034292246978,0.007760852514936554,0,0,0.00015236370028657195,5.396988558854422e-05
0.11000000000000008,0.033377710790629164,12.728725452877908,-0.00014239585540516792,8.324570037850189e-05,-0.0016941073853763548,0.007981225679656145,0,0,0.0001551763224469852,5.385163747430782e-05
0.11100000000000008,0.033377710790629164,12.739801379551484,-0.00014658447652454796,9.144828609754798e-05,-0.0016902204949985676,0.008202585719046087,0,0,0.00015808710778830222,5.373647366543888e-05
0.11200000000000009,0.03510092220434856,12.750503396665847,-0.000150866228469969,9.987325552457586e-05,-0.0016842534778758844,0.008424969427027883,0,0,0.00016109926706995607,5.36265781905117e-05
0.11300000000000009,0.03510092220434856,12.760834345185081,-0.00015523977228402294,0.00010853621541357904,-0.0016758085086191628,0.008662959889003181,0,0,0.0001642133604245127,5.352520253064475e-05
0.11400000000000009,0.03510092220434856,12.770797018732598,-0.00015970792131318675,0.00011743711871564857,-0.0016656719665034537,0.008900903302069522,0,0,0.00016743382777715174,5.3433934289833346e-05
0.11500000000000009,0.03510092220434856,12.780394165823541,-0.0001642720033576126,0.00012657752131187182,-0.0016533605411735651,0.009140402596223255,0,0,0.0001707639231916483,5.3355155670287885e-05
0.11600000000000009,0.03510092220434856,12.789628490670333,-0.00016893353691277503,0.00013595897483641454,-0.0016389024660418887,0.00938145352454272,0,0,0.00017420706390252025,5.32912321342435e-05
0.11700000000000009,0.03660676762558581,12.798502652732259,-0.000173694244209078,0.00014558307204495552,-0.00162232512529153,0.009624097208540981,0,0,0.00017776684461403308,5.324451264663956e-05
0.11800000000000009,0.03660676762558581,12.807019266109414,-0.0001785533848633595,0.00015546415407181096,-0.00160330063144699,0.009881082026855437,0,0,0.00018144442548084381,5.3218259087888375e-05
0.11900000000000009,0.03660676762558581,12.815180899322272,-0.00018351420264942162,0.0001656028935511217,-0.0015825326606897735,0.010138739479310743,0,0,0.00018524466507010792,5.321426174652517e-05
0.12000000000000009,0.03660676762558581,12.822990075182696,-0.00018857864209786417,0.00017600136872416384,-0.0015596197834909324,0.01039847517304214,0,0,0.00018917138015261,5.3234983327115696e-05
0.1210000000000001,0.03660676762558581,12.830449271402147,-0.0001937489182607133,0.00018666165854990926,-0.001534606690703808,0.010660289825745416,0,0,0.00019322861800264877,5.3282850407097344e-05
0.1220000000000001,0.03793308190369442,12.83756092122043,-0.00019902753910674,0.00019758588101746112,-0.0015075376314397284,0.01092422246755186,0,0,0.0001974206797587244,5.336025290719912e-05
0.1230000000000001,0.03793308190369442,12.844327414210897,-0.00020441475549001686,0.00020878738041648926,-0.001478145298267943,0.011201499399028142,0,0,0.0002017496392822897,5.347036104763237e-05
0.1240000000000001,0.03793308190369442,12.850751097105857,-0.00020991474050306857,0.0002202674654501524,-0.0014470686970530775,0.011480085033663127,0,0,0.0002062211957443068,5.361502657119736e-05
0.12500000000000008,0.03793308190369442,12.856834274518224,-0.00021553057573483707,0.00023202868044643778,-0.0014139765640417425,0.011761214996285393,0,0,0.00021084017679754292,5.379666795611082e-05
0.12600000000000008,0.03793308190369442,12.862579209802323,-0.0002212657480076175,0.00024407356724604018,-0.0013789298451560967,0.012044886799602401,0,0,0.00021561176311187978,5.40176466717983e-05
0.12700000000000009,0.03793308190369442,12.8679881257751,-0.00022712418765179153,0.0002564046976216648,-0.0013419891695442205,0.012331130375624631,0,0,0.0002205415274894736,5.428026624123097e-05
0.12800000000000009,0.03939927209518903,12.873063205463117,-0.00023311027685192907,0.00026902469956100036,-0.001303208889495839,0.012620001939335544,0,0,0.00022563544746521887,5.458678294161621e-05
0.1290000000000001,0.03939927209518903,12.877806592886586,-0.00023922573169562157,0.0002819485955081614,-0.0012623062361003569,0.01292389594716105,0,0,0.0002308968873165705,5.494029775918039e-05
0.1300000000000001,0.03939927209518903,12.882220393705056,-0.0002454772525994274,0.0002951780843012143,-0.0012200010085673006,0.013229488793052873,0,0,0.00023633381821234245,5.534243229365229e-05
0.1310000000000001,0.03939927209518903,12.886306676049324,-0.000251870416595795,0.0003087161999494924,-0.0011759442225548226,0.013538115648278122,0,0,0.0002419533330489075,5.5795407875108475e-05
0.1320000000000001,0.03939927209518903,12.890067471326903,-0.00025841152055992,0.00032256594088527103,-0.0011302193001973748,0.01384974093577863,0,0,0.00024776317542201526,5.630135662713722e-05
0.1330000000000001,0.040658125031466735,12.89350477499939,-0.00026510765856372617,0.0003367303045588036,-0.0010829084550449243,0.014164363673532581,0,0,0.00025377181854640066,5.686232106295972e-05
0.1340000000000001,0.040658125031466735,12.89662054745519,-0.0002719637648388918,0.0003512228962392124,-0.001033798459292229,0.014492591680408779,0,0,0.0002599856190052223,5.7481029115529826e-05
0.1350000000000001,0.040658125031466735,12.899416714580799,-0.00027898990469067166,0.0003660458653164954,-0.0009835315934563903,0.014822969077282993,0,0,0.0002664156928642889,5.815890596259007e-05
0.1360000000000001,0.040658125031466735,12.901895168747245,-0.0002861955559435271,0.00038120249046759224,-0.0009318321753107177,0.015156625151096852,0,0,0.00027307277008238264,5.889786052592279e-05
0.1370000000000001,0.040658125031466735,12.904057769553964,-0.000293591393859798,0.0003966960038484342,-0.0008787943488549466,0.015493513380841956,0,0,0.00027996870048802854,5.969969554987766e-05
0.1380000000000001,0.0421510585702003,12.905906344615365,-0.0003011894357817487,0.00041252962042347916,-0.0008245105748593542,0.01583361657504496,0,0,0.00028711660023272644,6.056610777575111e-05
0.1390000000000001,0.0421510585702003,12.907442690493532,-0.00030899916493644814,0.0004287191046524174,-0.0007687254873715399,0.016189484228938254,0,0,0.0002945271294790127,6.149960283217471e-05
0.1400000000000001,0.0421510585702003,12.908668573046143,-0.0003170372673817308,0.0004452666089921138,-0.0007121975001124861,0.016547504339696366,0,0,0.00030221768012416323,6.250113699943002e-05
0.1410000000000001,0.0421510585702003,12.909585728620417,-0.0003253201726558256,0.00046217559255560994,-0.000654597295047051,0.01690898356349616,0,0,0.00031020564055915116,6.357223497541759e-05
0.1420000000000001,0.0421510585702003,12.910195864659764,-0.000333866479030763,0.0004794494268251172,-0.0005960326805798172,0.01727383426950726,0,0,0.0003185104792129635,6.471429181119411e-05
0.1430000000000001,0.04415400215130968,12.910500660495048,-0.0003426972533501766,0.0004970914310034832,-0.0005366081892481717,0.01764200417836599,0,0,0.0003271540474784394,6.592857467052138e-05
0.1440000000000001,0.04415400215130968,12.91050176834802,-0.00035183019731941826,0.0005151217223507989,-0.0004759620221499823,0.018030291347315673,0,0,0.0003361549847003003,6.721744977646854e-05
0.1450000000000001,0.04415400215130968,12.910200813289588,-0.00036129458828278643,0.0005335421301508235,-0.0004150902433060897,0.018420407800024654,0,0,0.00034554284635280257,6.858122061107737e-05
0.1460000000000001,0.04415400215130968,12.909599394792176,-0.00037112015150670156,0.0005523562048698566,-0.00035352999669076854,0.01881407471903307,0,0,0.0003553480080154439,7.002096949582726e-05
0.1470000000000001,0.04415400215130968,12.908699087124045,-0.00038134088881565094,0.0005715673493425932,-0.0002914029770714475,0.019211144472736606,0,0,0.00036560502101220095,7.15376234362939e-05
0.1480000000000001,0.047085023893099154,12.907501440112846,-0.0003919957703938194,0.0005911788681319477,-0.0002288249697853368,0.019611518789354465,0,0,0.0003763533095149894,7.313195863252311e-05
0.1490000000000001,0.047085023893099154,12.906007980365146,-0.0004031190259517003,0.0006112186145240945,-0.00016522973630373828,0.02003974639214689,0,0,0.0003876278580718546,7.480639575687061e-05
0.1500000000000001,0.047085023893099154,12.904220210408944,-0.00041476572677056885,0.0006316876671946539,-0.0001020354590760325,0.020469052670559384,0,0,0.000399483493658012,7.656037565590192e-05
0.1510000000000001,0.047085023893099154,12.902139611044623,-0.0004269934847727828,0.0006525896026533526,-3.8526442670583014e-05,0.02090193545869871,0,0,0.000411978181941719,7.839451774905926e-05
0.1520000000000001,0.047085023893099154,12.899767641290534,-0.0004398693528917237,0.0006739277631801333,2.5159524984088287e-05,0.02133816052678065,0,0,0.0004251792137140434,8.030925554852514e-05
0.1530000000000001,0.05162981763556779,12.897105739176942,-0.00045347166630649836,0.0006957053318834913,8.889460247495182e-05,0.02177756870335801,0,0,0.0004391650549443573,8.230484540376326e-05
0.1540000000000001,0.05162981763556779,12.89415532337839,-0.0004678727425531595,0.000717963534357203,0.00015360742826712505,0.02225820247371167,0,0,0.00045400873385782547,8.438414960578862e-05
0.1550000000000001,0.05162981763556779,12.890917790822305,-0.0004831869719980395,0.0007407020890117308,0.00021715281291847914,0.02273855465452783,0,0,0.0004698237437658849,8.654546899811341e-05
0.1560000000000001,0.05162981763556779,12.88739452063594,-0.0004995387809846163,0.000763924583408777,0.0002806916826872792,0.02322249439704624,0,0,0.0004867346171609562,8.87889899127867e-05
0.1570000000000001,0.05162981763556779,12.883586873276903,-0.0005170770310045423,0.0007876342411859624,0.0003440634473763697,0.02370965777718538,0,0,0.0005048901834651846,9.111467083587041e-05
0.1580000000000001,0.05905994625343569,12.879496191393038,-0.000535980998330563,0.0008118340417375743,0.0004071237188291233,0.024199800551611902,0,0,0.0005244695630848812,9.352225766204692e-05
0.1590000000000001,0.05905994625343569,12.875123802380461,-0.0005564281446726888,0.0008365891486810454,0.00047145237279747597,0.024755106943471116,0,0,0.0005456511781315366,9.601583100565095e-05
0.16000000000000011,0.05905994625343569,12.870471012892166,-0.0005786955576008837,0.0008618969065982364,0.0005336083106513676,0.02530775791719094,0,0,0.0005687103355671025,9.85920920013292e-05
0.16100000000000012,0.05905994625343569,12.865539116127781,-0.0006031025261977447,0.0008877610021942741,0.0005955496814936601,0.025864095596037712,0,0,0.0005939662891849463,0.00010125089843457619
0.16200000000000012,0.05905994625343569,12.860329389314073,-0.0006300487023600679,0.0009141845472781204,0.0006570761913888105,0.026423545083846253,0,0,0.0006218184780497848,0.00010399181201387858
0.16300000000000012,0.07218542133306305,12.854843094791875,-0.0006600403373958171,0.0009411702778080019,0.0007180140534785255,0.026985730529881582,0,0,0.0006527727869147672,0.00010681412419602948
0.16400000000000012,0.07218542133306305,12.849081484664927,-0.000693632732266171,0.0009688307833596405,0.0007812274073145494,0.027660505551638518,0,0,0.000687386390633811,0.00010972487988937739
0.16500000000000012,0.07218542133306305,12.843045788497857,-0.000731694289857134,0.0009971589361607719,0.0008407173691830455,0.028328152801131438,0,0,0.0007265244968881504,0.0001127181883162149
0.16600000000000012,0.07218542133306305,12.836737228123884,-0.0007753228101319888,0.0010261588539610975,0.0009000105757028683,0.028999917800325577,0,0,0.0007712849484367163,0.0001157938253214189
0.16700000000000012,0.07218542133306305,12.830157011509316,-0.0008260101776247505,0.0010558336846060543,0.0009588235727147958,0.02967483064495683,0,0,0.0008231594131279961,0.00011895113652891128
0.16800000000000012,0.09910099126337629,12.82330633439781,-0.0008858342747154484,0.0010861859606744418,0.0010169186478972219,0.030352276068387533,0,0,0.0008842253387323258,0.00012218908255659213
0.16900000000000012,0.09910099126337629,12.816186390686337,-0.0009574786998939096,0.0011174435124377048,0.001080263126136955,0.03125755176326293,0,0,0.0009571709895434947,0.00012552266029656366
0.17000000000000012,0.09910099126337629,12.808798341925192,-0.0010453993932695801,0.0011495888530694434,0.0011366604329271102,0.03214534063173866,0,0,0.001046446065591429,0.0001289404804746825
0.17100000000000012,0.09910099126337629,12.80114335243732,-0.0011563255210991327,0.0011826276370027042,0.0011934186569475197,0.03303878393326074,0,0,0.0011587804004677305,0.0001324428873606268
0.17200000000000013,0.09910099126337629,12.793222573519396,-0.0013013028030206513,0.0012165636137639877,0.0012500378508409642,0.03393597676128353,0,0,0.0013052199095245137,0.00013602945965344616
0.17300000000000013,0.17828819359704146,12.785037146707435,-0.001499800314329595,0.0012513993568174491,0.0013061087990442748,0.03483574305346141,0,0,0.001505233475397869,0.00013969910028020774
0.17400000000000013,0.17828819359704146,12.776588238087909,-0.0017877329404104743,0.001287800416335549,0.001379364174492174,0.03640105951809979,0,0,0.001794752209031636,0.00014349818512301497
0.17500000000000013,0.17828819359704146,12.767876932381833,-0.002248626012443543,0.001325711103337825,0.0014341119133469277,0.037910687002276185,0,0,0.002257283986538032,0.00014739573301229226
0.17600000000000013,0.17828819359704146,12.758904352736232,-0.0031125099433164743,0.001365143990276727,0.0014919502807550055,0.03943288693890193,0,0,0.003122862770727325,0.00015139545668393608
0.17700000000000013,0.17828819359704146,12.749671604790736,-0.005343150017867703,0.0014061062199003833,0.0015515179730239239,0.04096222962365632,0,0,0.005355256079949751,0.0001554989941504954
0.17800000000000013,3.357764328628777,12.740179786871542,-0.02506037289857895,0.0014486016436877417,0.001611711437902185,0.04249542378735832,0,0,0.02507429173196096,0.0001597061615166694
0.17900000000000013,3.357764328628777,12.730431729761099,-3.1339258502850114,0.0015192659652003104,0.002391514201735526,0.07066432151256875,0,0,-3.1492429481793613,0.00016593545128917698
0.18000000000000013,3.357764328628777,12.720426597104193,-3.1388078710272076,0.00161579599040969,0.002463507275021216,0.09653002520937956,0,0,-3.1443582606774436,0.00017300790311275638
0.18100000000000013,3.357764328628777,12.710166048498749,-3.1402137228412075,0.0017386340653376985,0.002696152142121303,0.12283807492800856,0,0,-3.142949496870419,0.00018114069710446252
0.18200000000000013,3.357764328628777,12.699651194817552,-3.140930723514875,0.0018880081402672842,0.003036229685402402,0.14937407492958563,0,0,-3.1422292231735036,0.00019047053701010274
0.18300000000000013,-125.68057246172945,12.688883143451102,-3.141395200114803,0.002064016935119759,0.003440500516085278,0.17600879485247492,0,0,-3.141761040034223,0.00020106324554890984
0.18400000000000014,-125.68057246172945,12.677972814021436,-3.139536056540462,0.0011861223610004938,-0.025277405855255022,-0.8778945741192653,0,0,-3.143647105011439,0.00013508109885563662
0.18500000000000014,-125.68057246172945,12.666886050699695,-3.1371438500104447,-0.0006521515047701793,-0.02526740805664103,-1.838273865770673,0,0,-3.146067577936276,4.030300690987474e-05
0.18600000000000014,-125.68057246172945,12.655860031949269,-3.134321768606536,-0.0034686973091302186,-0.031749545444845394,-2.816545804360039,0,0,-3.1489261836491442,-9.213360534490313e-05
0.18700000000000014,-125.68057246172945,12.645025090145058,-3.1311627908479,-0.007272712568452124,-0.04256754151540558,-3.804015259321905,0,0,-3.1521346772523686,-0.00026783152927038826
0.18800000000000014,-124.9721382646219,12.634481220883764,-3.127753870173635,-0.01206814927368302,-0.05597133372809147,-4.7954367052308955,0,0,-3.1556090366034644,-0.0004895211393753266
0.18900000000000014,-124.9721382646219,12.624305685228974,-3.1241706057715057,-0.017850680614992752,-0.07098226905263011,-5.782531341309733,0,0,-3.1592755600988474,-0.0007581269875844053
0.19000000000000014,-124.9721382646219,12.61459492017354,-3.120460431844015,-0.024621499409127078,-0.08758076056636763,-6.770818794134326,0,0,-3.163088704709002,-0.001074699581957615
0.19100000000000014,-124.9721382646219,12.605425808160854,-3.116660618431556,-0.03238085950269767,-0.10544504403483239,-7.759360093570596,0,0,-3.16701275167856,-0.0014397677932113221
0.19200000000000014,-124.9721382646219,12.596880572884896,-3.11279855842338,-0.04112895997198635,-0.1245420997170815,-8.748100469288678,0,0,-3.1710218230485814,-0.0018538026926104964
0.19300000000000014,-124.76007649712972,12.589040775452418,-3.1088948509442815,-0.05086600201899698,-0.14486950898851647,-9.737042047010625,0,0,-3.1750968301413334,-0.0023172629338342548
0.19400000000000014,-124.76007649712972,12.581978797236925,-3.1049667542956687,-0.06159041861567803,-0.16638539880213227,-10.724416596681053,0,0,-3.179221970985646,-0.0028304743129920905
0.19500000000000015,-124.76007649712972,12.575782664743706,-3.101026357212767,-0.07330257025542708,-0.18919460937374738,-11.712151639749049,0,0,-3.183386728715602,-0.003393964219588073
0.19600000000000015,-124.76007649712972,12.570526086120834,-3.097084185245905,-0.08600262292528377,-0.2132523179558073,-12.700052669856687,0,0,-3.1875820963830033,-0.004008161585685528
0.19700000000000015,-124.76007649712972,12.56628499215857,-3.093149160180538,-0.09969073355574531,-0.23857801085657243,-13.688110630461548,0,0,-3.1918006859943775,-0.004673494419012199
0.19800000000000015,-124.43760482254537,12.563133322384903,-3.089229057942675,-0.11436703146536352,-0.26519350501005784,-14.676297909618205,0,0,-3.196036272005757,-0.005390388284883994
0.19900000000000015,-124.43760482254537,12.56112109406625,-3.085332292049745,-0.13002890249804458,-0.2930490839888832,-15.66187103268106,0,0,-3.200281914871666,-0.006159068525575256
0.20000000000000015,-124.43760482254537,12.560341341442756,-3.0814645268128356,-0.14667660108439556,-0.32231466993125546,-16.647698586350984,0,0,-3.2045336143141743,-0.006980065726994944
0.20100000000000015,-124.43760482254537,12.56085042885787,-3.0776317489794565,-0.16431002376055479,-0.3529307090410453,-17.63342267615922,0,0,-3.20878696908849,-0.007853758854561124
0.20200000000000015,-124.43760482254537,12.56271083176337,-3.0738396606373106,-0.1829289922811448,-0.3849338920623133,-18.618968520590002,0,0,-3.213037888906591,-0.00878052314619295
0.20300000000000015,-123.83029768551098,12.565980980218507,-3.070093784998249,-0.20253322769886253,-0.41836286019639035,-19.604235417717746,0,0,-3.2172824889271734,-0.00976072744069791
0.20400000000000015,-123.83029768551098,12.570653011468305,-3.0664016860696606,-0.22311725173765687,-0.4531177683540297,-20.584024038794336,0,0,-3.2215146819143916,-0.010794362904748146
0.20500000000000015,-123.83029768551098,12.576846007602219,-3.0627677427215927,-0.2446809582386473,-0.4895118603809599,-21.56370650099043,0,0,-3.2257319288211503,-0.011881995322613779
0.20600000000000016,-123.83029768551098,12.584578848320536,-3.059197372816737,-0.26722355116791185,-0.5274223894271195,-22.542592929264554,0,0,-3.2299304872073713,-0.01302390544191585
0.20700000000000016,-123.83029768551098,12.593889871015444,-3.0556960172397845,-0.29074409042846167,-0.566904768214892,-23.52053926054981,0,0,-3.234106627003182,-0.014220368255427695
0.20800000000000016,-122.82325976523363,12.604810213185239,-3.0522691736011147,-0.3152414573328508,-0.6080146617676538,-24.49736690438914,0,0,-3.238256594652847,-0.015471648771133224
0.20900000000000016,-122.82325976523363,12.617220517782874,-3.0489252643367912,-0.34070592910174907,-0.6505693550578926,-25.464471768898267,0,0,-3.242373409639888,-0.016777386683345857
0.21000000000000016,-122.82325976523363,12.63129989349851,-3.0456686532189314,-0.3671366939926921,-0.6950765993265607,-26.430764890943035,0,0,-3.246454761200028,-0.018138175046114553
0.21100000000000016,-122.82325976523363,12.647002642268665,-3.0425051545574293,-0.3945318221316254,-0.7413142376497658,-27.3951281389333,0,0,-3.2504965882811843,-0.019554135639663593
0.21200000000000016,-122.82325976523363,12.664329383201672,-3.039440667093513,-0.4228891860110088,-0.7893529713243681,-28.357363879383367,0,0,-3.254494783502086,-0.021025383534785797
0.21300000000000016,-121.30086203077894,12.683269412336086,-3.03648118094996,-0.4522064208882375,-0.8392606827515239,-29.317234877228703,0,0,-3.2584451805483683,-0.02255202142192282
0.21400000000000016,-121.30086203077894,12.703517971385898,-3.0336362537093113,-0.48246825015151046,-0.8907267495239408,-30.261829263272976,0,0,-3.262339533003164,-0.024133210740533425
0.21500000000000016,-121.30086203077894,12.725368509546204,-3.0309104454449027,-0.5136729088336072,-0.9445064492978812,-31.204658682096706,0,0,-3.2661755361103295,-0.025769557798108578
0.21600000000000016,-121.30086203077894,12.075462910174435,-3.0383145276235513,-0.5059587137895127,0.20128393330825523,7.71419504409443,0,0,-3.2582069757928727,-0.024570469028202986
0.21700000000000016,-121.30086203077894,12.0667849820374,-3.041605815416591,-0.5023966371351496,-0.9076250817412719,3.5620766543631444,0,0,-3.2557033460130134,-0.025181766022047455
0.21800000000000017,-134.6958761030762,12.058800286503962,-3.0451104560971176,-0.4992294244204236,-0.7213091931284827,3.1672127147259754,0,0,-3.252772461194421,-0.025536128330997353
0.21900000000000017,-134.6958761030762,12.084247543589948,-3.0486419436286467,-0.4968295132043606,-0.6134765437921164,2.399911216063033,0,0,-3.249691664104367,-0.025746461036652808
0.22000000000000017,-134.6958761030762,12.117209931521122,-3.0520046859599335,-0.49537109677104785,-0.570794464151803,1.458416433312737,0,0,-3.2467359423541344,-0.02591670294079971
0.22100000000000017,-134.6958761030762,12.063027773773197,-3.0550781296940444,-0.494914139068338,-0.5539498977359649,0.45695770270987035,0,0,-3.2440611967361113,-0.026096792743268607
0.22200000000000017,-134.6958761030762,12.060070567292252,-3.0578657961506734,-0.4954901689755908,-0.5566924428220418,-0.5760299072528063,0,0,-3.2416859596668868,-0.026311485178264454
0.22300000000000017,-132.45697386308186,12.061222450715483,-3.0603751339234497,-0.49711618841361427,-0.565255667139889,-1.626019438023485,0,0,-3.2396100653782995,-0.026568965012384756
0.22400000000000017,-132.45697386308186,12.059817470045571,-3.06262528156432,-0.4997843244235662,-0.5761098954574724,-2.668136009951916,0,0,-3.237817109631006,-0.026871094661414918
0.22500000000000017,-132.45697386308186,12.056415384813455,-3.0646323524109436,-0.5035029524836858,-0.5893226159740139,-3.718628060119633,0,0,-3.236293924362119,-0.027220159577283482
0.22600000000000017,-132.45697386308186,11.948611247780194,-3.067717141806066,-0.5014911826320076,-0.4010190553195639,2.011769851678169,0,0,-3.233401429743487,-0.027125118220318684
0.22700000000000017,-132.45697386308186,11.94378518691082,-3.0701789998818403,-0.5006110434848301,-0.583688819497292,0.8801391471775499,0,0,-3.2313706615909283,-0.02734278657747039
0.22800000000000017,-131.84877867934824,11.928539143936774,-3.0725203593839723,-0.5002581994368615,-0.5594166033840083,0.3528440479686479,0,0,-3.229437565448309,-0.02754243602951805
0.22900000000000018,-131.84877867934824,11.910191777348466,-3.0747974590230926,-0.5001211748045625,-0.5355915324640463,0.13702463229892103,0,0,-3.2275419391307363,-0.027713395921861728
0.23000000000000018,-131.84877867934824,11.89038567146279,-3.077003983062272,-0.5000686377239327,-0.5261254144910583,0.05253708062979978,0,0,-3.2257064983418475,-0.027873900157323425
0.23100000000000018,-131.84877867934824,11.869520582229853,-3.0791377490035816,-0.5000485314026857,-0.5226856834868245,0.020106321247048697,0,0,-3.2239405442572875,-0.028032104269719697
0.23200000000000018,-131.84877867934824,11.847911800820334,-3.0812022129751337,-0.5000408039404551,-0.5205499945215548,0.007727462230544546,0,0,-3.2222420935010843,-0.02818958268247599
0.23300000000000018,-130.84135344331912,11.825793347075031,-3.083202175267881,-0.5000378146127045,-0.5182676086626182,0.0029893277506687355,0,0,-3.2206060688781433,-0.02834588762959876
0.23400000000000018,-130.84135344331912,11.80331766131417,-3.0851419519610412,-0.5000365524616266,-0.515639410488721,0.0012621510778743072,0,0,-3.219027665329962,-0.028500377897670154
0.23500000000000018,-130.84135344331912,11.780581656468778,-3.087025060098628,-0.5000360576662768,-0.5127781533187472,0.0004947953498035673,0,0,-3.217503049250962,-0.028652663512318117
0.23600000000000018,-130.84135344331912,11.75763365958697,-3.088854500778545,-0.5000358644445203,-0.509779710446695,0.0001932217564837302,0,0,-3.216029036740167,-0.02880253338595094
0.23700000000000018,-130.84135344331912,11.734498648008609,-3.09063290768569,-0.500035788663357,-0.5067134904942372,7.578116334450158e-05,0,0,-3.214602906219745,-0.02894989866624964
0.23800000000000018,-129.90690539804635,11.71118589617057,-3.0923626753319335,-0.5000357582446506,-0.503610222227089,3.0418706331580836e-05,0,0,-3.2132222167592595,-0.02909472283069456
0.23900000000000018,-129.90690539804635,11.68769543705204,-3.0940460330134134,-0.5000356530502471,-0.500480098659408,0.0001051944035213026,0,0,-3.2118847048179213,-0.029236983466710734
0.24000000000000019,-129.90690539804635,11.664028993339322,-3.095685024307963,-0.5000356086182829,-0.4973378036506753,4.443196421899387e-05,0,0,-3.2105883146595517,-0.029376686875640688
0.2410000000000002,-129.90690539804635,11.640181451473019,-3.0972815938436264,-0.5000355906198027,-0.4941742184789477,1.7998480150716034e-05,0,0,-3.2093310749414083,-0.029513820148456292
0.2420000000000002,-129.90690539804635,11.61615113092973,-3.0988375570686095,-0.5000355835003144,-0.4909954679485154,7.1194883322078795e-06,0,0,-3.2081111514648484,-0.0296483798425014
0.2430000000000002,-129.13590986987268,11.591936988596956,-3.1003546169178526,-0.5000355808452557,-0.4878019787665353,2.6550587284290827e-06,0,0,-3.206926823112486,-0.029780363330157746
0.2440000000000002,-129.13590986987268,11.56753768661079,-3.1018343828938084,-0.5000355038548354,-0.48459130084558855,7.699042026132474e-05,0,0,-3.205776457796822,-0.029909762244773846
0.2450000000000002,-129.13590986987268,11.542956508469196,-3.1032783420049177,-0.5000354719454003,-0.48137102268555726,3.190943509423505e-05,0,0,-3.204658558831672,-0.03003658523504599
0.2460000000000002,-129.13590986987268,11.518192227135692,-3.104687916991474,-0.5000354595774832,-0.4781317507285184,1.2367917134881168e-05,0,0,-3.2035716790859396,-0.030160822590192846
0.2470000000000002,-129.13590986987268,11.493246264168693,-3.1060644425365806,-0.5000354549914728,-0.4748777375861723,4.5860103492501025e-06,0,0,-3.202514465226144,-0.030282471425030127
0.2480000000000002,-128.48799635170536,11.46812001871154,-3.1074091761560907,-0.5000354533947013,-0.4716090035789531,1.5967714928066812e-06,0,0,-3.2014856411561614,-0.030401529122752697
0.2490000000000002,-128.48799635170536,11.442813985442664,-3.1087233116006394,-0.5000353889071378,-0.4683233767107529,6.448756351140617e-05,0,0,-3.200483990546188,-0.030517988078439043
0.25000000000000017,-128.48799635170536,11.417331885962327,-3.1100079562776646,-0.5000353621025566,-0.46502720670516634,2.6804581221284707e-05,0,0,-3.1995083945474776,-0.030631854913269536
0.25100000000000017,-128.48799635170536,11.391673299820509,-3.1112641739554707,-0.5000353516569936,-0.46171262526727214,1.0445562970140543e-05,0,0,-3.1985577652128763,-0.03074312080308066
0.25200000000000017,-128.48799635170536,11.365839687466424,-3.1124929666869714,-0.5000353477625257,-0.4583832302636138,3.894467970333437e-06,0,0,-3.197631081223581,-0.030851782651216027
0.25300000000000017,-128.48799635170536,11.339832362383104,-3.113695282174676,-0.5000353464193125,-0.4550390618779253,1.3432132073276648e-06,0,0,-3.196727375665863,-0.030957837586682302
0.25400000000000017,-127.84083192174569,11.313652601155367,-3.1148720178989744,-0.5000353460622057,-0.451679909913339,3.571067885843604e-07,0,0,-3.195845731475931,-0.031061282441841098
0.25500000000000017,-127.84083192174569,11.287300782748346,-3.116024030699071,-0.5000352821436888,-0.44830380182312585,6.39185169237777e-05,0,0,-3.194985268280021,-0.031162109279072574
0.25600000000000017,-127.84083192174569,11.260780469301414,-3.1171521157495254,-0.5000352555915998,-0.44491718022761034,2.6552088971953935e-05,0,0,-3.1941451790445545,-0.03126032449660524
0.2570000000000002,-127.84083192174569,11.234091254101568,-3.118257042411558,-0.5000352452749809,-0.4415122357284473,1.0316618892503016e-05,0,0,-3.1933246694339656,-0.03135591911722791
0.2580000000000002,-127.84083192174569,11.207234586297682,-3.119339537925313,-0.5000352414565336,-0.43809258133697987,3.8184473361013715e-06,0,0,-3.192522992268073,-0.03144888989709508
0.2590000000000002,-127.39031422270256,11.180211822563917,-3.1204002926412544,-0.5000352401627725,-0.4346582786425662,1.2937610982532988e-06,0,0,-3.191739437322915,-0.03153923383166301
0.2600000000000002,-127.39031422270256,11.153023696494351,-3.1214399667119004,-0.5000351953255691,-0.4312078274582218,4.4837203394543224e-05,0,0,-3.1909733215215295,-0.03162694442283006
0.2610000000000002,-127.39031422270256,11.125673108927595,-3.1224591772586145,-0.500035176770273,-0.42774566643882717,1.8555296077416017e-05,0,0,-3.190224013085489,-0.031712025063424375
0.2620000000000002,-127.39031422270256,11.098160258112639,-3.1234585206665897,-0.5000351696210811,-0.42426638479744755,7.149191905142516e-06,0,0,-3.1894908915552156,-0.03179446844715036
0.2630000000000002,-127.39031422270256,11.070486586957156,-3.124438562899125,-0.5000351670367366,-0.42077254375359235,2.5843445161655154e-06,0,0,-3.188773370464372,-0.03187427129238653
0.2640000000000002,-127.00682027512903,11.042653483429815,-3.1253998427726613,-0.5000351662271635,-0.4172642405766014,8.095730752444297e-07,0,0,-3.1880708905472064,-0.031951430527786914
0.2650000000000002,-127.00682027512903,11.014661819435485,-3.1263428768395487,-0.5000351282092571,-0.41374028550903674,3.80179063785846e-05,0,0,-3.1873829121861905,-0.03202594019857433
0.2660000000000002,-127.00682027512903,10.986514277714518,-3.1272681495270827,-0.5000351125096386,-0.41020452165897237,1.5699618494124934e-05,0,0,-3.186708935187907,-0.03209780283509565
0.2670000000000002,-127.00682027512903,10.95821130018193,-3.1281761298238258,-0.5000351064990031,-0.4066524035189999,6.010635544839715e-06,0,0,-3.1860484665913447,-0.03216701191728295
0.2680000000000002,-127.00682027512903,10.92975435412482,-3.1290672640745623,-0.5000351043667989,-0.4030861676492129,2.132204190985476e-06,0,0,-3.1854010392073477,-0.032233564403639635
0.2690000000000002,-126.68040361954394,10.901144871857891,-3.129941978255003,-0.5000351037430949,-0.39950595506593517,6.237039773537845e-07,0,0,-3.184766206293293,-0.032297457487754956
0.2700000000000002,-126.68040361954394,10.872383858042218,-3.1308006816087293,-0.5000350714486737,-0.3959108145479719,3.2294421248302285e-05,0,0,-3.1841435355729883,-0.03235868596963285
0.2710000000000002,-126.68040361954394,10.843473828999906,-3.1316437591233974,-0.5000350581517915,-0.3923040780186571,1.3296882150903855e-05,0,0,-3.1835326254644207,-0.03241725193378441
0.2720000000000002,-126.68040361954394,10.81441544373105,-3.132471583995001,-0.5000350531029069,-0.38868194215965746,5.048884643699125e-06,0,0,-3.1829330790402923,-0.03247314982918271
0.2730000000000002,-126.68040361954394,10.785210203996154,-3.1332845123332387,-0.5000350513565662,-0.3850463754705501,1.7463406276618798e-06,0,0,-3.1823445192141744,-0.032526377133879625
0.2740000000000002,-126.40309794475382,10.755859591366402,-3.1340828847322038,-0.5000350508957991,-0.3813975631309438,4.607670911482842e-07,0,0,-3.1817665845236345,-0.03257693159601524
0.2750000000000002,-126.40309794475382,10.726364733900821,-3.1348670289869043,-0.500035023531905,-0.3777347629829753,2.7363894150589374e-05,0,0,-3.1811989243595686,-0.03262480900194845
0.2760000000000002,-126.40309794475382,10.69672801886524,-3.1356372544058146,-0.500035012309774,-0.37406086946925243,1.1222131002242008e-05,0,0,-3.1806412122749244,-0.03267001139795615
0.2770000000000002,-126.40309794475382,10.666950298702822,-3.1363938610711135,-0.5000350080967508,-0.3703727171654637,4.213023152566109e-06,0,0,-3.1800931248637165,-0.032712534417236205
0.2780000000000002,-126.40309794475382,10.637033116841573,-3.137137136013832,-0.5000350066914934,-0.3666720416189674,1.4052574659473294e-06,0,0,-3.1795543541981006,-0.032752376338639734
0.2790000000000002,-126.16841728301681,10.606978008332701,-3.1378673542837388,-0.5000350063805986,-0.36295906168625713,3.108947543850604e-07,0,0,-3.179024604465632,-0.03278953574210365
0.2800000000000002,-126.16841728301681,10.57678621798254,-3.1385847809761134,-0.5000349833057017,-0.35923320967655376,2.307489688213593e-05,0,0,-3.1785035881469574,-0.03282400961833288
0.2810000000000002,-126.16841728301681,10.54646003569675,-3.139289666985562,-0.5000349738946273,-0.35549699189076706,9.411074475274006e-06,0,0,-3.1779910369050763,-0.03285580032455221
0.2820000000000002,-126.16841728301681,10.516000489562357,-3.1399822558215393,-0.5000349704179179,-0.351747785836308,3.476709364846897e-06,0,0,-3.1774866844479086,-0.03288490485907013
0.2830000000000002,-126.16841728301681,10.48540917190352,-3.140662780909999,-0.5000349693199698,-0.34798711251428305,1.0979480657979934e-06,0,0,-3.176990276692552,-0.03291132252420725
0.2840000000000002,-125.97100687808594,10.45468767604215,-3.141331466305431,-0.5000349691507839,-0.3442152061042479,1.6918588752190544e-07,0,0,-3.1765015690721277,-0.032935052939270286
0.2850000000000002,-125.97100687808594,10.423837359350049,3.1411967789838604,-0.5000349498375323,-0.3404316355408427,1.931325166459885e-05,0,0,-3.176020323468931,-0.03295609444642379
0.2860000000000002,-125.97100687808594,10.392860441788143,3.1405511353953246,-0.5000349420218353,-0.3366385506764417,7.815696978497044e-06,0,0,-3.1755463170836182,-0.032974449957736525
0.2870000000000002,-125.97100687808594,10.361758113805333,3.139916710943179,-0.5000349392010393,-0.3328337852361447,2.8207960411918975e-06,0,0,-3.1750793285607855,-0.03299011793067457
0.2880000000000002,-125.97100687808594,10.330532023992836,3.139293314340856,-0.5000349383840557,-0.329018652975959,8.169835918891977e-07,0,0,-3.174619146259433,-0.033003098808868
0.2890000000000002,-424.8812153792046,10.299183829384196,3.1386807617237378,-0.5000349383511214,-0.32519338103637935,3.2934210913992956e-08,0,0,-3.1741655660927948,-0.03301339334626512
0.2900000000000002,-424.8812153792046,10.268074774553138,3.138080168764444,-0.5000644739167851,-0.3222293500646371,-0.029535565663652008,0,0,-3.1737218399917255,-0.03302313609188058
0.2910000000000002,-424.8812153792046,10.236300134938245,3.137489289660753,-0.5000768186974034,-0.3171640497573071,-0.012344780618289697,0,0,-3.1732811374901773,-0.03302782981135396
0.2920000000000002,-424.8812153792046,10.204486345207,3.1369083742968837,-0.5000816932746951,-0.31360525011059176,-0.0048745772917024865,0,0,-3.1728463485063974,-0.033030064216605315
0.2930000000000002,-424.8812153792046,10.172612384090788,3.13633749891323,-0.500083578600585,-0.3099022885978599,-0.0018853258899609315,0,0,-3.1724174557645406,-0.033029781675387886
0.2940000000000002,-424.74466057736294,10.140657228191822,3.1357765977801213,-0.5000843032521515,-0.3060456626775601,-0.000724651566419432,0,0,-3.171994191295691,-0.033026813505567895
0.2950000000000002,-424.74466057736294,10.108606181364678,3.1352255550863912,-0.5000845688213742,-0.30213885908738064,-0.0002655692227238049,0,0,-3.1715763695718704,-0.033021116001135956
0.2960000000000002,-424.74466057736294,10.076451947224081,3.1346842432328437,-0.5000846714346333,-0.2982255003470816,-0.00010261325911198327,0,0,-3.1711638543930984,-0.03301270314990953
0.2970000000000002,-424.74466057736294,10.044191263117867,3.1341525316312024,-0.5000847117063846,-0.2943117812075465,-4.027175126708471e-05,0,0,-3.1707565118754406,-0.03300159366552773
0.2980000000000002,-424.74466057736294,10.01182381447641,3.1336302914545078,-0.5000847278582154,-0.2903963759725268,-1.615183087277927e-05,0,0,-3.170354205684214,-0.03298780217403215
0.2990000000000002,-424.6360185849198,9.979350672135716,3.133117397348055,-0.5000847345950419,-0.2864763590599844,-6.736826430042697e-06,0,0,-3.1699567970510705,-0.032971337774630564
0.3000000000000002,-424.6360185849198,9.946773449119123,3.132613727745471,-0.5000847268989861,-0.28254953520690107,7.696055792649759e-06,0,0,-3.169564146451697,-0.03295220543280515
0.3010000000000002,-424.6360185849198,9.914094476742983,3.1321191662599874,-0.5000847239929207,-0.27861609235458806,2.906065388330603e-06,0,0,-3.1691761202843334,-0.03293041097021351
0.3020000000000002,-424.6360185849198,9.88131563726521,3.1316336001883545,-0.5000847232246063,-0.27467439022200335,7.683144120917973e-07,0,0,-3.1687925850430636,-0.03290595705298688
0.3030000000000002,-424.6360185849198,9.848439007895283,3.131156920896009,-0.5000847233136315,-0.27072495226549675,-8.90252316310125e-08,0,0,-3.168413411949789,-0.03287884715735124
0.3040000000000002,-424.5496890832812,9.815466622569215,3.130689023738598,-0.5000847237346537,-0.2667678073089277,-4.210222170897282e-07,0,0,-3.1680384760578457,-0.03284908481329069
0.3050000000000002,-424.5496890832812,9.782400371933601,3.130229807651611,-0.500084715754676,-0.26280272587892123,7.979977789673853e-06,0,0,-3.1676676551220893,-0.03281667295651543
0.3060000000000002,-424.5496890832812,9.749242458200971,3.1297791757896674,-0.5000847127939742,-0.25883061286983033,2.960701794840759e-06,0,0,-3.167300833069869,-0.0327816164960139
0.3070000000000002,-424.5496890832812,9.715994669512158,3.129337034498016,-0.5000847120176497,-0.2548504883164963,7.763244491698629e-07,0,0,-3.166937894621886,-0.03274391836840391
0.3080000000000002,-424.5496890832812,9.682658960849254,3.1289032934426517,-0.5000847121219063,-0.2508628847612917,-1.0425660335044995e-07,0,0,-3.1665787285032043,-0.03270358234280604
0.3090000000000002,-424.4844315440647,9.64923730791115,3.1284778655892285,-0.50008471257506,-0.24686785349338247,-4.5315373675691717e-07,0,0,-3.1662232266056654,-0.03266061227870707
0.3100000000000002,-424.4844315440647,9.615731632574288,3.128060666931045,-0.5000847067207574,-0.2428652144607963,5.854302598251593e-06,0,0,-3.165871283093198,-0.032615011580306066
0.3110000000000002,-424.4844315440647,9.582144127627183,3.127651616847475,-0.5000847046801784,-0.23885563159824036,2.0405790390753964e-06,0,0,-3.1655227969389705,-0.03256678511753941
0.3120000000000002,-424.4844315440647,9.548476710254215,3.1272506375060245,-0.500084704299755,-0.23483833992876038,3.8042335948063055e-07,0,0,-3.1651776679410024,-0.03251593623667705
0.3130000000000002,-424.4844315440647,9.51473143484916,3.126857653840824,-0.500084704589053,-0.2308137155403215,-2.8929791895393464e-07,0,0,-3.1648357990797504,-0.032462468876493025
0.3140000000000002,-424.4384360566435,9.480910383370858,3.1264725935568594,-0.5000847051440042,-0.22678177075959038,-5.549511961078224e-07,0,0,-3.1644970958899212,-0.0324063870059642
0.3150000000000002,-424.4384360566435,9.447015608860008,3.1260953869515227,-0.5000847012615595,-0.222742353466468,3.882444699065957e-06,0,0,-3.164161465823041,-0.03234769423510112
0.3160000000000002,-424.4384360566435,9.413049357515359,3.1257259670720137,-0.500084700071215,-0.21869590778150022,1.1903444896432802e-06,0,0,-3.1638288199825357,-0.03228639516926538
0.3170000000000002,-424.4384360566435,9.379013694184074,3.1253642694059263,-0.5000847000535263,-0.2146418726922345,1.7688628339840307e-08,0,0,-3.1634990703623345,-0.032222493303296976
0.3180000000000002,-424.4384360566435,9.344910782903627,3.1250102317776127,-0.5000847005099077,-0.210580492706913,-4.563813771341074e-07,0,0,-3.163172131458511,-0.032155992513306565
0.31900000000000023,-424.41016894171,9.310742815550126,3.124663794357983,-0.5000847011553948,-0.20651175769950703,-6.454871082084424e-07,0,0,-3.162847919823221,-0.032086896661323985
0.32000000000000023,-424.41016894171,9.276511976655046,3.1243248995512856,-0.5000846990852947,-0.20243555560437926,2.0701000913447842e-06,0,0,-3.1625263536530888,-0.03201520935178057
0.32100000000000023,-424.41016894171,9.242220576776798,3.1239934920241517,-0.5000846986755891,-0.19835214352988617,4.097056027774215e-07,0,0,-3.162207353814539,-0.031940934765847376
0.32200000000000023,-424.41016894171,9.20787082911977,3.1236695185708827,-0.5000846989902729,-0.19426116354673445,-3.1468372352350116e-07,0,0,-3.161890842161026,-0.03186407636941636
0.32300000000000023,-424.41016894171,9.173465015583508,3.123352927987337,-0.5000846995991426,-0.1901627550207452,-6.088697324102554e-07,0,0,-3.161576742484962,-0.03178463783146186
0.32400000000000023,-424.3983311968653,9.139005446371666,3.123043671071269,-0.5000847003267069,-0.18605690318288887,-7.275643421067457e-07,0,0,-3.1612649802310218,-0.03170262278289783
0.32500000000000023,-424.3983311968653,9.104494444091182,3.1227417005514586,-0.5000846999345326,-0.18194354915928385,3.921742930401706e-07,0,0,-3.1609554822844586,-0.03161803470838606
0.32600000000000023,-424.3983311968653,9.069934398282326,3.1224469710502194,-0.5000847002467261,-0.17782279279605126,-3.1219349327926693e-07,0,0,-3.1606481773617223,-0.03153087729921908
0.32700000000000023,-424.3983311968653,9.035327674844114,3.122159439028517,-0.5000847008680255,-0.1736944799060951,-6.212993453047488e-07,0,0,-3.160342995288529,-0.03144115391539602
0.32800000000000024,-424.3983311968653,9.000676683164086,3.1218790626882233,-0.5000847016170069,-0.1695586675809962,-7.489814324301847e-07,0,0,-3.160039867362176,-0.03134886797267328
0.32900000000000024,-424.4018008868676,8.96598386082808,3.1216058019511963,-0.500084702419685,-0.16541535122631232,-8.026780351499951e-07,0,0,-3.159738726205479,-0.0312540228439514
0.33000000000000024,-424.4018008868676,8.931251675678832,3.1213396184121356,-0.5000847035899387,-0.1612645351641233,-1.170253782767361e-06,0,0,-3.1594395057335367,-0.031156621876582257
0.33100000000000024,-424.4018008868676,8.896482610328988,3.1210804752881116,-0.5000847045741857,-0.15710618539450974,-9.842470172216622e-07,0,0,-3.159142140971283,-0.031056668295982696
0.33200000000000024,-424.4018008868676,8.861679188615302,3.120828337363508,-0.5000847054809977,-0.15294034921112168,-9.06811958856224e-07,0,0,-3.1588465681950417,-0.030954165369457245
0.33300000000000024,-424.4018008868676,8.826843957394885,3.12058317096468,-0.5000847063607362,-0.1487670174559081,-8.797385042669248e-07,0,0,-3.158552724762712,-0.03084911629723779
0.33400000000000024,-424.41958498306684,8.791979491243824,3.120344943908478,-0.5000847072339861,-0.1445862041629004,-8.732499168218055e-07,0,0,-3.158260549092603,-0.03074152424548822
0.33500000000000024,-424.41958498306684,8.757088411229173,3.120113625463472,-0.5000847098661133,-0.14039798050320815,-2.6321271828777526e-06,0,0,-3.1579699807903845,-0.03063139247965495
0.33600000000000024,-424.41958498306684,8.722173307235776,3.119889186333355,-0.5000847114800103,-0.13620219349540783,-1.6138970160284316e-06,0,0,-3.157680959944798,-0.030518723846385428
0.33700000000000024,-424.41958498306684,8.687236867424078,3.1196715985333876,-0.5000847126553976,-0.13199908380521133,-1.1753872319886227e-06,0,0,-3.157393428050974,-0.030403521592299147
0.33800000000000024,-424.41958498306684,8.65228178678347,3.119460835475818,-0.500084713659366,-0.12778858357244346,-1.0039684639195912e-06,0,0,-3.157107327356189,-0.03028578878946414
